5 5 5 2 -0.000129312438153354
5 5 4 3 -0.000653084636674791
5 5 3 4 -0.00023360558720033
5 5 2 5 -2.46046920879465e-05
5 4 5 3 9.96535614980362e-05
5 4 4 2 -0.000254011881649382
5 4 3 5 5.48389440066951e-05
5 4 2 4 0.000498152033683551
5 3 5 4 0.000102320929046487
5 3 4 5 0.000781823508079691
5 3 3 2 -0.000816053093349377
5 3 2 3 -7.4400069050639e-05
5 3 1 0 -1.2789669284848e-05
5 3 0 1 0.000153501359332593
5 2 5 5 -5.24121628820532e-05
5 2 4 4 0.00066481348298343
5 2 3 3 0.000150642630199024
5 2 2 2 4.36562785321137e-05
5 2 1 1 -0.000352529747765981
5 2 0 0 -1.21831108346138e-05
5 1 3 0 0.00029178761571279
5 1 2 1 -0.000284681586224036
5 1 1 2 7.37349224972265e-05
5 1 0 3 -0.000280711124585113
5 0 3 1 -0.000177043660590075
5 0 2 0 -0.000461292006567713
5 0 1 3 0.000475921794934299
5 0 0 2 -0.000276894529120095
4 5 5 3 0.000194172999800936
4 5 4 2 0.000973859527502917
4 5 3 5 -0.00034267884740862
4 5 2 4 0.000536203267700244
4 4 5 2 6.30877642687805e-05
4 4 4 3 0.00644176901623421
4 4 3 4 0.0013270961838267
4 4 2 5 -0.000434017154373736
4 3 5 5 -0.000330742487669581
4 3 4 4 0.00335634686540237
4 3 3 3 0.00357250546674286
4 3 2 2 -0.000213053360556115
4 3 1 1 0.000542489092300121
4 3 0 0 -0.000321612381989419
4 2 5 4 -0.000329584622853902
4 2 4 5 -0.000510953457212264
4 2 3 2 -0.0019857294153223
4 2 2 3 0.00250883639846935
4 2 1 0 -9.48897474975263e-05
4 2 0 1 0.000396750922981408
4 1 3 1 -0.00168810386814159
4 1 2 0 0.00070706095680278
4 1 1 3 0.000604686843679374
4 1 0 2 0.00019048105489851
4 0 3 0 0.000376755927474902
4 0 2 1 0.000177095433785372
4 0 1 2 -0.000914633141455637
4 0 0 3 -0.00140510272276718
3 5 5 4 -0.000410853303340966
3 5 4 5 0.000673999181186847
3 5 3 2 0.00036151756945922
3 5 2 3 -0.000484579457414951
3 5 1 0 0.000259647706296859
3 5 0 1 0.000146908895363655
3 4 5 5 6.80544416666591e-05
3 4 4 4 0.00174132013972467
3 4 3 3 0.00294181680857596
3 4 2 2 0.000116927373579604
3 4 1 1 0.00158171686566057
3 4 0 0 0.0021255829147292
3 3 5 2 0.00019636960119703
3 3 4 3 -0.00030447425792328
3 3 3 4 0.00378627338095406
3 3 2 5 -0.000194909030611189
3 2 5 3 0.00126239863443238
3 2 4 2 -0.000258494689189154
3 2 3 5 0.00104813736214641
3 2 2 4 0.000282603944908718
3 1 5 0 0.00027648744260013
3 1 4 1 -0.00126355920007371
3 1 1 4 -0.00230300550412299
3 1 0 5 -0.000595253084725371
3 0 5 1 -0.000133394001224519
3 0 4 0 0.000756331032348909
3 0 1 5 8.81412658314768e-05
3 0 0 4 -0.000472889880047155
2 5 5 5 3.98965453702088e-05
2 5 4 4 -0.000452964935710315
2 5 3 3 0.00132369087354366
2 5 2 2 0.000340826386332573
2 5 1 1 -0.000435336890539076
2 5 0 0 -3.09593356655318e-05
2 4 5 4 -0.000884046332823078
2 4 4 5 0.000306295990867374
2 4 3 2 0.00017494710601366
2 4 2 3 -0.000807658272915284
2 4 1 0 0.000160920815271419
2 4 0 1 0.000536180948646691
2 3 5 3 0.000663989723604798
2 3 4 2 -0.00141800326995377
2 3 3 5 -4.90643509910543e-07
2 3 2 4 -0.000987206647514936
2 2 5 2 0.000483248168848874
2 2 4 3 0.00191880789277741
2 2 3 4 -0.00064916542745752
2 2 2 5 0.000302270755797252
2 1 5 1 -0.000149853918133397
2 1 4 0 2.50367260945511e-05
2 1 1 5 -5.5399515319147e-05
2 1 0 4 -0.000156505881849004
2 0 5 0 0.000273295583465308
2 0 4 1 -0.000216544225394377
2 0 1 4 -0.000359900898843666
2 0 0 5 0.000170436651304714
1 5 3 0 -5.02793748502548e-05
1 5 2 1 0.00064434085201469
1 5 1 2 -1.58086298138182e-05
1 5 0 3 3.59858315963328e-05
1 4 3 1 0.00134960362585276
1 4 2 0 -0.000762845803895038
1 4 1 3 -0.00025941026201474
1 4 0 2 0.000454170235107473
1 3 5 0 -2.86050810211294e-05
1 3 4 1 0.000498628982338848
1 3 1 4 0.000625027041123021
1 3 0 5 0.000198254505406855
1 2 5 1 0.000187701227485807
1 2 4 0 -2.38500798607909e-05
1 2 1 5 0.000361231090962029
1 2 0 4 -8.33951730003298e-05
1 1 5 2 0.000651723843996056
1 1 4 3 0.00309947537832026
1 1 3 4 -0.00082101467154679
1 1 2 5 -0.000224733537440798
1 0 5 3 -6.85856911948268e-05
1 0 4 2 -0.000235381676309679
1 0 3 5 0.000237634538378105
1 0 2 4 -0.00084499085091612
0 5 3 1 -0.000439800530884278
0 5 2 0 -0.00050967850055146
0 5 1 3 9.30466179372424e-06
0 5 0 2 -0.000845129606551343
0 4 3 0 -0.000798009538283778
0 4 2 1 0.00022371841496505
0 4 1 2 0.0003571832644748
0 4 0 3 -0.00165979597156409
0 3 5 1 0.000278023779540441
0 3 4 0 0.00102559541110098
0 3 1 5 8.72182273332521e-05
0 3 0 4 0.00382057063894417
0 2 5 0 -0.000338828937298623
0 2 4 1 0.000866022932851067
0 2 1 4 -0.000480864349304789
0 2 0 5 -0.000206439380285512
0 1 5 3 0.00052539225113418
0 1 4 2 -0.000344290282125638
0 1 3 5 -0.000125214993794795
0 1 2 4 0.000454902579037178
0 0 5 2 0.000691005832771915
0 0 4 3 0.000195821972825135
0 0 3 4 -0.000398247563984647
0 0 2 5 -7.53644046369196e-05
5 5 5 3 -0.000285231110602664
5 5 4 2 0.000364502305563377
5 5 3 5 1.04809379686864e-07
5 5 2 4 5.41157588661947e-05
5 4 5 2 -9.53200010164162e-05
5 4 4 3 -4.87462519007638e-05
5 4 3 4 -0.000538365621557712
5 4 2 5 0.000358363280170856
5 3 5 5 0.000177469727254128
5 3 4 4 -0.000978179358919827
5 3 3 3 -0.000799455965738051
5 3 2 2 0.000688902851977919
5 3 1 1 -0.000804557732677354
5 3 0 0 -0.00106435704248149
5 2 5 4 0.000134256480417525
5 2 4 5 0.000174422271948088
5 2 3 2 0.000709779081029772
5 2 2 3 -0.000207457853418011
5 2 1 0 0.000205806010094707
5 2 0 1 0.000183323304342316
5 1 3 1 0.00047877032665709
5 1 2 0 0.000171422179423762
5 1 1 3 0.000183353235798064
5 1 0 2 2.99276013464395e-05
5 0 3 0 -4.57518756526644e-06
5 0 2 1 -0.000122721826346767
5 0 1 2 0.000150361405833763
5 0 0 3 0.000287959566501682
4 5 5 2 -2.45293954067933e-07
4 5 4 3 9.43754471032822e-05
4 5 3 4 0.00042469718050369
4 5 2 5 3.82565814765498e-05
4 4 5 3 -0.000350301939578157
4 4 4 2 0.00273243650776659
4 4 3 5 0.000493881273775975
4 4 2 4 0.00221159244481389
4 3 5 4 0.000747153840882327
4 3 4 5 -0.00168918246345692
4 3 3 2 -0.000420000566808381
4 3 2 3 -0.00108913834206149
4 3 1 0 0.00232329429467582
4 3 0 1 -0.00111456384675885
4 2 5 5 0.00118082325036495
4 2 4 4 0.00184772767600724
4 2 3 3 -9.19739931416376e-05
4 2 2 2 0.000469530946553716
4 2 1 1 0.00216686057607366
4 2 0 0 0.000222062565421575
4 1 3 0 0.00100471589438756
4 1 2 1 0.000594074257059556
4 1 1 2 -0.000571750717603182
4 1 0 3 -5.99717719804704e-06
4 0 3 1 -0.000165623818388437
4 0 2 0 -0.000721017816379765
4 0 1 3 9.50460850119953e-05
4 0 0 2 9.36975476138697e-05
3 5 5 5 -0.00040344665734718
3 5 4 4 0.00155379242116101
3 5 3 3 0.000198953966397775
3 5 2 2 6.80935397755124e-05
3 5 1 1 -0.000505862967391397
3 5 0 0 7.97543780536488e-05
3 4 5 4 -0.0010812794909914
3 4 4 5 0.000664877690428032
3 4 3 2 -0.00132744510366283
3 4 2 3 0.000955038403568389
3 4 1 0 0.0010496674692682
3 4 0 1 -0.000823691175529255
3 3 5 3 -0.00149163631288128
3 3 4 2 -2.13438446332445e-05
3 3 3 5 -0.000579035641676193
3 3 2 4 0.00111627684455081
3 2 5 2 -0.000997214166282203
3 2 4 3 -0.000948929106266475
3 2 3 4 -0.00192887919051158
3 2 2 5 0.000746690184519973
3 1 5 1 0.000155474553185742
3 1 4 0 -0.000937405897512586
3 1 1 5 -0.00125885119941618
3 1 0 4 -0.000393953557450209
3 0 5 0 -0.000416759226685419
3 0 4 1 -0.000622380966044754
3 0 1 4 -0.000293021423270565
3 0 0 5 -0.000612334745436104
2 5 5 4 6.42759801893554e-05
2 5 4 5 0.000162183132251789
2 5 3 2 0.000184475235675302
2 5 2 3 0.000220436415591253
2 5 1 0 -5.94121177495134e-05
2 5 0 1 1.81144112561603e-05
2 4 5 5 0.000102785177239254
2 4 4 4 0.0022832413113589
2 4 3 3 0.000610113550861879
2 4 2 2 0.00107971794116743
2 4 1 1 0.000193483673193154
2 4 0 0 -0.000607442983375354
2 3 5 2 -0.000735057898746317
2 3 4 3 -0.00135449704429563
2 3 3 4 -0.000576169604125445
2 3 2 5 -0.000373430616062222
2 2 5 3 -0.000266313135217236
2 2 4 2 -0.000617317528839805
2 2 3 5 -0.000228849952939836
2 2 2 4 0.00144303673484556
2 1 5 0 2.05492115646108e-06
2 1 4 1 6.4915136035857e-05
2 1 1 4 0.000795305854156119
2 1 0 5 0.000225003372915322
2 0 5 1 -0.000179766255126285
2 0 4 0 1.92739568277047e-05
2 0 1 5 8.92077090301592e-05
2 0 0 4 -0.00151107324155335
1 5 3 1 -9.26461962010758e-05
1 5 2 0 -0.000175878108855718
1 5 1 3 -0.000206838365829907
1 5 0 2 3.16718800969402e-05
1 4 3 0 -0.00147173339250215
1 4 2 1 -0.000111476420332298
1 4 1 2 0.00127609657147495
1 4 0 3 0.000363584771721566
1 3 5 1 -0.00103776056463236
1 3 4 0 0.000409298400024978
1 3 1 5 -4.75678197439827e-05
1 3 0 4 -0.000474565050568059
1 2 5 0 -0.000129257500311695
1 2 4 1 0.00207598939933537
1 2 1 4 0.00192568781498406
1 2 0 5 0.000142874695343046
1 1 5 3 9.73555018213105e-05
1 1 4 2 0.000745452976372909
1 1 3 5 0.00103834485199478
1 1 2 4 -0.00191921527844466
1 0 5 2 -2.09783233732974e-05
1 0 4 3 0.000836686845505385
1 0 3 4 -0.000630291335547888
1 0 2 5 2.73043576366745e-05
0 5 3 0 -0.000663641121140604
0 5 2 1 0.000113578572632958
0 5 1 2 -5.31393232195221e-05
0 5 0 3 -6.97614521889384e-05
0 4 3 1 0.000428574296279205
0 4 2 0 -0.00114302583388507
0 4 1 3 -0.00026272662106858
0 4 0 2 -0.000460310013880139
0 3 5 0 0.000728444854151851
0 3 4 1 -0.00100091445986594
0 3 1 4 -0.000371960181636507
0 3 0 5 -0.000248571393402931
0 2 5 1 -4.89762895754223e-05
0 2 4 0 -0.000310300267672853
0 2 1 5 -2.32863499649759e-05
0 2 0 4 0.00219203455498945
0 1 5 2 -4.69251855961987e-06
0 1 4 3 -0.000516196173685593
0 1 3 4 -5.32204888962373e-05
0 1 2 5 -0.000101782120923022
0 0 5 3 0.000763796837114313
0 0 4 2 0.00103041683897096
0 0 3 5 -0.000401910387012188
0 0 2 4 0.00215566132638353
5 5 5 0 -0.000753067702134937
5 5 4 1 -0.000280532316263127
5 5 1 4 -0.000295224974870661
5 5 0 5 -0.000724718528792783
5 4 5 1 -0.000400051818876935
5 4 4 0 -8.22489942126574e-05
5 4 1 5 -5.93751837192358e-05
5 4 0 4 -0.0122898959078773
5 3 3 0 9.32460672169271e-05
5 3 2 1 -0.00026839586540896
5 3 1 2 0.000222079688833918
5 3 0 3 -0.011445184428148
5 2 3 1 0.000158225389737546
5 2 2 0 -0.0142640061524201
5 2 1 3 -6.4949260824568e-05
5 2 0 2 -0.00634634650228386
5 1 5 4 -0.000231752513508304
5 1 4 5 -0.00020194249598078
5 1 3 2 -0.00057197197865252
5 1 2 3 -3.97939926848096e-05
5 1 1 0 0.00135081869617979
5 1 0 1 -0.00300076294589617
5 0 5 5 -0.000762036410450012
5 0 4 4 -0.000501527487503297
5 0 3 3 0.000480058193236898
5 0 2 2 -0.0140628065407636
5 0 1 1 0.00506908105104393
5 0 0 0 0.0869224714587102
4 5 5 1 -0.000370763564424301
4 5 4 0 -0.0124680513740739
4 5 1 5 -0.000145049048988453
4 5 0 4 0.000822528917659478
4 4 5 0 -6.98131820213472e-05
4 4 4 1 -0.0016077794713364
4 4 1 4 -0.0024427753329178
4 4 0 5 -1.37492713117503e-05
4 3 3 1 0.00408216103411052
4 3 2 0 0.00108551699094497
4 3 1 3 0.00227064484031238
4 3 0 2 -0.0010192906679328
4 2 3 0 0.000821121269597767
4 2 2 1 0.00133657012608206
4 2 1 2 -0.000853838522175429
4 2 0 3 -0.00102410291549622
4 1 5 5 0.000204338102343941
4 1 4 4 -0.0022800579313422
4 1 3 3 -0.000558544676380753
4 1 2 2 0.00105707458139315
4 1 1 1 -0.00188029492832713
4 1 0 0 0.00236172241400712
4 0 5 4 -6.22077129925051e-05
4 0 4 5 -0.0115051201168464
4 0 3 2 5.21089109689967e-05
4 0 2 3 0.0011060644164423
4 0 1 0 0.000300181910338501
4 0 0 1 -0.000542338372061345
3 5 3 0 -0.0138248350437715
3 5 2 1 -0.000396997133966834
3 5 1 2 5.38773818560832e-07
3 5 0 3 -0.00091626478892794
3 4 3 1 0.00907115675236861
3 4 2 0 0.00128770497858249
3 4 1 3 -0.00114613302108157
3 4 0 2 -0.00042903481611767
3 3 5 0 0.00105206276230645
3 3 4 1 -0.000425011063518713
3 3 1 4 -0.0007523163635898
3 3 0 5 -0.000361575719026714
3 2 5 1 0.000333141198505117
3 2 4 0 -0.000107533317360766
3 2 1 5 -1.4825286911894e-05
3 2 0 4 0.000549306461623961
3 1 5 2 -0.000280709847162341
3 1 4 3 -9.0256805992034e-05
3 1 3 4 0.00143303732153293
3 1 2 5 0.000477380290352048
3 0 5 3 -0.00034567947658452
3 0 4 2 0.000900351273422498
3 0 3 5 -0.0122504564089542
3 0 2 4 -0.000459246389491159
2 5 3 1 0.000490461837000854
2 5 2 0 -0.00569972712895182
2 5 1 3 -0.000294571719364858
2 5 0 2 -0.0134751055300621
2 4 3 0 2.74601588416498e-05
2 4 2 1 0.000781712945704801
2 4 1 2 -0.000717861464645172
2 4 0 3 0.000109690035245332
2 3 5 1 7.39078940900132e-05
2 3 4 0 -0.00065205513031131
2 3 1 5 -0.000418306575836734
2 3 0 4 -0.000141350987149905
2 2 5 0 -0.0143028776151121
2 2 4 1 0.000264436909714282
2 2 1 4 -0.00184264499256224
2 2 0 5 -0.0140790214982584
2 1 5 3 -2.65203937172153e-05
2 1 4 2 -0.000402670434215253
2 1 3 5 2.08558393529696e-05
2 1 2 4 1.27321957161501e-07
2 0 5 2 -0.0139888334401913
2 0 4 3 0.000613660565797742
2 0 3 4 3.92328009392246e-05
2 0 2 5 -0.00698954281475143
1 5 5 4 2.56112536880644e-05
1 5 4 5 0.00048282240541603
1 5 3 2 0.000944470180950731
1 5 2 3 1.20218283225013e-05
1 5 1 0 -0.00320297146832294
1 5 0 1 0.00131438561073564
1 4 5 5 -7.04464623210088e-05
1 4 4 4 -0.00668243352222591
1 4 3 3 -0.00122736357856507
1 4 2 2 0.000855872237550526
1 4 1 1 -0.00454157162483719
1 4 0 0 0.000198287475467258
1 3 5 2 9.74064436210248e-05
1 3 4 3 0.00144186318037672
1 3 3 4 -0.000520293339604701
1 3 2 5 0.000465402854035022
1 2 5 3 0.000780586529847239
1 2 4 2 0.00166808227927536
1 2 3 5 7.2072354288112e-05
1 2 2 4 0.000217705089596848
1 1 5 0 0.00114045562364623
1 1 4 1 0.00151128441048426
1 1 1 4 0.00121364460070877
1 1 0 5 0.00173845779124266
1 0 5 1 0.00108034041673662
1 0 4 0 0.00042954763251282
1 0 1 5 -0.00318156615132579
1 0 0 4 -0.000212603820184831
0 5 5 5 -0.000834076731707418
0 5 4 4 -0.000530873006134865
0 5 3 3 0.000774843696948618
0 5 2 2 -0.0137317143144199
0 5 1 1 0.00143687962609085
0 5 0 0 0.0863006853981696
0 4 5 4 -0.0113213485863647
0 4 4 5 0.000405118511427454
0 4 3 2 -0.000809486890444066
0 4 2 3 -0.000552948937146869
0 4 1 0 -0.00052164414883076
0 4 0 1 0.000306725804222118
0 3 5 3 -0.0220629918994071
0 3 4 2 0.00330226628981994
0 3 3 5 7.27815352639413e-06
0 3 2 4 0.0011047021341815
0 2 5 2 -0.00643676827493945
0 2 4 3 -0.000720091067127357
0 2 3 4 0.000257627471476772
0 2 2 5 -0.0136431753634397
0 1 5 1 -0.00324158499940783
0 1 4 0 -0.000860580463599007
0 1 1 5 0.00158395761233706
0 1 0 4 -0.00092586556068035
0 0 5 0 0.0890818044258424
0 0 4 1 1.26972968309343e-05
0 0 1 4 0.000421345044850567
0 0 0 5 0.0853118205619063
5 5 5 1 -0.00374335994036414
5 5 4 0 -0.000241307898488962
5 5 1 5 -0.00397547993453056
5 5 0 4 8.25760466896296e-08
5 4 5 0 -2.3500003218726e-05
5 4 4 1 0.000802625496656655
5 4 1 4 0.0658158243541313
5 4 0 5 -0.000261169090210383
5 3 3 1 9.48189010827203e-05
5 3 2 0 6.85061010639272e-05
5 3 1 3 0.066167643595804
5 3 0 2 7.84212141454071e-05
5 2 3 0 0.000136691076074923
5 2 2 1 0.0269671606824053
5 2 1 2 0.0518204149099862
5 2 0 3 4.87177698562602e-05
5 1 5 5 -0.0034035344068646
5 1 4 4 0.0011589706921906
5 1 3 3 0.00010631926437367
5 1 2 2 0.0263955046519695
5 1 1 1 0.0475846385579151
5 1 0 0 0.0288480703635217
5 0 5 4 -0.000114028808589099
5 0 4 5 5.61893909935325e-05
5 0 3 2 8.1768907203748e-05
5 0 2 3 -0.000451239574272429
5 0 1 0 0.0829621951264642
5 0 0 1 0.0308148189028301
4 5 5 0 -1.6199870331183e-06
4 5 4 1 0.0678386925351249
4 5 1 4 -0.000871526987072984
4 5 0 5 2.55875845636757e-05
4 4 5 1 0.000262702386992198
4 4 4 0 0.000128682911671827
4 4 1 5 0.00139176919666651
4 4 0 4 -0.00156404726150895
4 3 3 0 -0.00105018101354058
4 3 2 1 -0.000892326410423271
4 3 1 2 -0.00439821769973403
4 3 0 3 0.000172020636183875
4 2 3 1 -0.000396139445611476
4 2 2 0 -0.000886406896381045
4 2 1 3 0.00121514810702116
4 2 0 2 -4.6675210920473e-05
4 1 5 4 0.000341300896541347
4 1 4 5 0.0683767968536569
4 1 3 2 -0.000993784370218434
4 1 2 3 0.000423463973995032
4 1 1 0 0.000717037096853332
4 1 0 1 0.000441672305635939
4 0 5 5 0.000192960337768912
4 0 4 4 0.000907132674402299
4 0 3 3 0.000230142156774184
4 0 2 2 -0.000857152530697997
4 0 1 1 0.000242518566987454
4 0 0 0 -0.000772455813450797
3 5 3 1 0.0666758010961189
3 5 2 0 -0.000201454027639502
3 5 1 3 -0.000611223395924997
3 5 0 2 -9.85473434456507e-05
3 4 3 0 -0.000569772812163125
3 4 2 1 -0.0016843180659488
3 4 1 2 0.000309749385421515
3 4 0 3 0.000593061133235397
3 3 5 1 0.00146865188337807
3 3 4 0 -0.00137720990514038
3 3 1 5 -0.0012155784300983
3 3 0 4 -0.000362882984031952
3 2 5 0 4.00461127179119e-05
3 2 4 1 -0.00028528183820296
3 2 1 4 -0.000553823144770278
3 2 0 5 -1.97860540168206e-05
3 1 5 3 -0.00072952046543671
3 1 4 2 -0.000922980074462539
3 1 3 5 0.0662904892321637
3 1 2 4 -0.000335253535105895
3 0 5 2 -0.000464755159153754
3 0 4 3 0.000804276070279339
3 0 3 4 0.00065235925255049
3 0 2 5 6.95305603760239e-05
2 5 3 0 0.000285077756875139
2 5 2 1 0.0521282391630156
2 5 1 2 0.025533289120737
2 5 0 3 0.000108548196709627
2 4 3 1 -0.000170989475689649
2 4 2 0 0.00176968014574628
2 4 1 3 0.000937110946924559
2 4 0 2 0.00147061697329593
2 3 5 0 4.75584990102242e-05
2 3 4 1 -0.000288621720291403
2 3 1 4 -0.000247903370732275
2 3 0 5 -0.000144449712368875
2 2 5 1 0.0263020918472929
2 2 4 0 -0.00267555853280019
2 2 1 5 0.0264718810101569
2 2 0 4 -0.000260945015695368
2 1 5 2 0.0260848570335667
2 1 4 3 -0.000903216230698091
2 1 3 4 9.23402262102471e-05
2 1 2 5 0.0529921115954021
2 0 5 3 0.000251082045833866
2 0 4 2 7.55881593223387e-05
2 0 3 5 -0.00012786201196405
2 0 2 4 -0.000603553036654385
1 5 5 5 -0.00353840692018937
1 5 4 4 0.00046183813453021
1 5 3 3 -7.07696479571386e-05
1 5 2 2 0.0256851104875941
1 5 1 1 0.0487200111028822
1 5 0 0 0.0294062572621559
1 4 5 4 0.0667382444080846
1 4 4 5 -0.000743063781440399
1 4 3 2 0.00114029452078485
1 4 2 3 -0.000751973619039542
1 4 1 0 -0.0008772754492022
1 4 0 1 0.000138890181170226
1 3 5 3 0.0685560666654468
1 3 4 2 0.00038259767291255
1 3 3 5 -0.00166352241891445
1 3 2 4 -0.000226021460348086
1 2 5 2 0.0516623039880666
1 2 4 3 -0.000115654351954971
1 2 3 4 4.88625331201423e-05
1 2 2 5 0.0256158908940596
1 1 5 1 0.0479771474658473
1 1 4 0 -0.000586083972778418
1 1 1 5 0.0474220853355812
1 1 0 4 0.000544084599357229
1 0 5 0 0.0838082618634559
1 0 4 1 -0.000628020026026714
1 0 1 4 0.000635312117702093
1 0 0 5 0.0302757122688816
0 5 5 4 0.000149130976498633
0 5 4 5 0.000191738454589754
0 5 3 2 0.000430399593247952
0 5 2 3 -1.43516644083111e-05
0 5 1 0 0.0295898041263726
0 5 0 1 0.0840143690683999
0 4 5 5 -0.000140060154855105
0 4 4 4 0.00216202703465088
0 4 3 3 0.000552056075937631
0 4 2 2 -1.98827221713921e-05
0 4 1 1 -0.000627552490990076
0 4 0 0 -0.00380984838303842
0 3 5 2 -0.000399097665278099
0 3 4 3 -0.00165884174954284
0 3 3 4 0.000368232606763924
0 3 2 5 -0.000258073291355414
0 2 5 3 6.42703191510679e-05
0 2 4 2 -0.000842347387590964
0 2 3 5 3.26042343331287e-05
0 2 2 4 -0.000355279783843894
0 1 5 0 0.0302611311651194
0 1 4 1 0.000141050093514253
0 1 1 4 -0.000394473073783546
0 1 0 5 0.0850898041622493
0 0 5 1 0.0287595286647989
0 0 4 0 0.00612882199924871
0 0 1 5 0.0299219410995928
0 0 0 4 0.00322952641912377
5 5 3 0 0.00012924696377132
5 5 2 1 -5.47893222721789e-05
5 5 1 2 -0.000136274700295125
5 5 0 3 0.00018381230987682
5 4 3 1 -0.000181351511144908
5 4 2 0 -6.44126093848029e-05
5 4 1 3 -0.00114538919887341
5 4 0 2 -9.82346786201311e-05
5 3 5 0 0.000109446154218508
5 3 4 1 0.00145056370210545
5 3 1 4 0.000462080891385095
5 3 0 5 -0.000115491459328529
5 2 5 1 -5.42634115683726e-05
5 2 4 0 0.000113799649463935
5 2 1 5 0.000190138369194146
5 2 0 4 2.48596438971407e-05
5 1 5 2 -0.000358427638689183
5 1 4 3 -0.00238778071281527
5 1 3 4 0.000120875187677801
5 1 2 5 -6.3931018460132e-05
5 0 5 3 -0.000276185829691594
5 0 4 2 0.00079942546925535
5 0 3 5 -5.63878085500042e-05
5 0 2 4 0.000642693608092379
4 5 3 1 -0.000620724380041795
4 5 2 0 -8.88977378466134e-05
4 5 1 3 -0.000266930763813374
4 5 0 2 -0.000474726966680631
4 4 3 0 0.000400164497101988
4 4 2 1 0.00116878741906449
4 4 1 2 -0.000692700296960094
4 4 0 3 0.000279355381258274
4 3 5 1 -0.000143328265206684
4 3 4 0 0.00467016085592731
4 3 1 5 -0.000491913070820062
4 3 0 4 -0.000732982624551604
4 2 5 0 5.96675355232456e-05
4 2 4 1 -0.00139411691902313
4 2 1 4 0.00177297504368471
4 2 0 5 -0.000173509962559017
4 1 5 3 0.000965152805365059
4 1 4 2 0.00117056656541826
4 1 3 5 0.000485503837824775
4 1 2 4 -0.00339525924989866
4 0 5 2 -0.00042952909528224
4 0 4 3 0.00192169292979156
4 0 3 4 0.00133085821936033
4 0 2 5 0.000296879570611126
3 5 5 0 2.60805807411886e-05
3 5 4 1 -0.000866227073662737
3 5 1 4 0.000398258186450676
3 5 0 5 -0.000639373807215941
3 4 5 1 0.000510184666446958
3 4 4 0 0.00120556148024051
3 4 1 5 -0.000432908946307965
3 4 0 4 0.00230002310454233
3 3 3 0 0.00200989111200285
3 3 2 1 0.000835403281593288
3 3 1 2 0.000410007894022113
3 3 0 3 -0.000658284412477779
3 2 3 1 -0.000367506502209568
3 2 2 0 -0.00127311704309135
3 2 1 3 0.000283777504719867
3 2 0 2 -0.000406709265551508
3 1 5 4 -0.000253599157325953
3 1 4 5 0.00116812806995197
3 1 3 2 0.000993638718578112
3 1 2 3 0.000378982365542442
3 1 1 0 0.000336612384272821
3 1 0 1 -0.000650529129835571
3 0 5 5 2.01769782695178e-05
3 0 4 4 2.74590608294176e-06
3 0 3 3 0.00112579737034663
3 0 2 2 0.00109100192759703
3 0 1 1 0.00099233636005306
3 0 0 0 -0.00228432640347437
2 5 5 1 0.000313884159508498
2 5 4 0 0.000231141687167518
2 5 1 5 -8.91024305984285e-05
2 5 0 4 0.000422267160062609
2 4 5 0 3.02221905797289e-05
2 4 4 1 0.00114259509110644
2 4 1 4 -0.000769390497723249
2 4 0 5 0.000233011353615636
2 3 3 1 9.62058938027038e-05
2 3 2 0 0.0013394153883242
2 3 1 3 0.00225405373620544
2 3 0 2 0.00023095334532308
2 2 3 0 -0.000504489040082107
2 2 2 1 0.000231178329801882
2 2 1 2 -0.00139393478203985
2 2 0 3 0.000224599660720537
2 1 5 5 6.99115178647951e-05
2 1 4 4 -0.000753730285108448
2 1 3 3 0.00310229484422108
2 1 2 2 -0.00143113221615025
2 1 1 1 0.000315769076533634
2 1 0 0 0.00101999119083533
2 0 5 4 1.57859460425591e-05
2 0 4 5 -1.47692813335954e-05
2 0 3 2 -2.44409343987888e-05
2 0 2 3 -0.000881135802596841
2 0 1 0 0.00141847261554848
2 0 0 1 0.00106985606894066
1 5 5 2 -0.000165950403915188
1 5 4 3 -0.00118724701777199
1 5 3 4 -0.00202956388976678
1 5 2 5 -0.000348376250792932
1 4 5 3 -0.000254588759735587
1 4 4 2 -0.000155279507755062
1 4 3 5 -0.000849136190089693
1 4 2 4 0.00120903911281443
1 3 5 4 -0.0014118922704837
1 3 4 5 0.000454657336655417
1 3 3 2 -0.00107432353236681
1 3 2 3 0.00107842423170979
1 3 1 0 -1.11541151865167e-05
1 3 0 1 -0.000532587123304964
1 2 5 5 4.85110337645844e-05
1 2 4 4 -0.00096980925490729
1 2 3 3 -0.00310426256275835
1 2 2 2 -0.00192637977953654
1 2 1 1 0.00088061033121114
1 2 0 0 -0.000674510762947171
1 1 3 0 0.000409295664397602
1 1 2 1 -0.00149658964945015
1 1 1 2 0.00162967434035162
1 1 0 3 0.000197844905191183
1 0 3 1 0.000144537373590897
1 0 2 0 -0.0015048126344164
1 0 1 3 -0.00016907197448014
1 0 0 2 -0.000479468708121417
0 5 5 3 3.21612022535015e-06
0 5 4 2 3.52383824978347e-05
0 5 3 5 -0.000110667905984541
0 5 2 4 -0.000490906651153749
0 4 5 2 0.000179359551227174
0 4 4 3 0.000893289497868703
0 4 3 4 0.00146784274835419
0 4 2 5 0.000372324433667765
0 3 5 5 -6.72728709552086e-05
0 3 4 4 -0.000953294779300165
0 3 3 3 -0.000198121049497962
0 3 2 2 0.00114277070601125
0 3 1 1 7.41201783355636e-06
0 3 0 0 0.00622758308291309
0 2 5 4 0.000235456317233736
0 2 4 5 -0.000365766849317444
0 2 3 2 0.000670976661027946
0 2 2 3 -0.000441715434628582
0 2 1 0 -0.000617641616957172
0 2 0 1 -0.00015238447715453
0 1 3 1 -0.000964782993341503
0 1 2 0 -0.000168024809910161
0 1 1 3 -0.000452215924028481
0 1 0 2 0.000759280223112888
0 0 3 0 0.00392328430449409
0 0 2 1 -0.000707394162854364
0 0 1 2 0.000102698337969944
0 0 0 3 2.07984084818909e-05
5 5 3 1 -0.000259490552169088
5 5 2 0 4.18289989285909e-05
5 5 1 3 0.000586337030760265
5 5 0 2 9.96051901446481e-05
5 4 3 0 -0.000524084553845072
5 4 2 1 -0.00119366584645165
5 4 1 2 -0.00215092804038466
5 4 0 3 -0.00026748546317019
5 3 5 1 0.000310731682140708
5 3 4 0 3.26291100657202e-05
5 3 1 5 0.00045716343213611
5 3 0 4 0.000254540352808484
5 2 5 0 0.000129227216929178
5 2 4 1 -6.20811587338029e-05
5 2 1 4 -0.00028431172612808
5 2 0 5 0.000338998458917858
5 1 5 3 7.49041145127078e-05
5 1 4 2 -0.000697624503378949
5 1 3 5 -0.000369452506500633
5 1 2 4 0.00099027372136991
5 0 5 2 -6.57617650205122e-05
5 0 4 3 0.00128713145552496
5 0 3 4 -0.000356176886668565
5 0 2 5 8.62093767117194e-05
4 5 3 0 0.000172775296121686
4 5 2 1 0.000903368744431814
4 5 1 2 1.16989232396847e-05
4 5 0 3 -0.000569786699970091
4 4 3 1 -0.00337582957058369
4 4 2 0 -5.77884398967928e-05
4 4 1 3 0.00143457968804142
4 4 0 2 0.000290027164516156
4 3 5 0 -0.000182437507064462
4 3 4 1 -0.00211574984532725
4 3 1 4 -0.00248755869455199
4 3 0 5 0.000117503802284512
4 2 5 1 0.000326901361335575
4 2 4 0 0.000660142154490015
4 2 1 5 0.000372602115097888
4 2 0 4 0.000741997993826151
4 1 5 2 -0.000375125942932178
4 1 4 3 0.00242157724594323
4 1 3 4 0.000979792476933698
4 1 2 5 -0.000118363103673451
4 0 5 3 -0.00054024460847673
4 0 4 2 -0.000365186012581854
4 0 3 5 8.9022247538188e-05
4 0 2 4 -0.000579053294003329
3 5 5 1 -0.000436891958816106
3 5 4 0 0.00021548840515076
3 5 1 5 2.27870337910656e-05
3 5 0 4 0.000187792450313077
3 4 5 0 0.000491971027438128
3 4 4 1 -0.00105361867945314
3 4 1 4 0.000554854692530755
3 4 0 5 0.00045459157691857
3 3 3 1 -0.0121153868217668
3 3 2 0 0.00058992820041002
3 3 1 3 0.00277470487755511
3 3 0 2 0.000824410290856752
3 2 3 0 5.03505118040961e-05
3 2 2 1 0.000237509592213168
3 2 1 2 0.00114263733709129
3 2 0 3 0.000624214918434532
3 1 5 5 0.000277099731539394
3 1 4 4 -0.00305875214321712
3 1 3 3 0.00119370045265926
3 1 2 2 -9.59396264404521e-05
3 1 1 1 -0.00179147198462732
3 1 0 0 -0.000418428884523284
3 0 5 4 0.000242900360589175
3 0 4 5 0.000165627657160365
3 0 3 2 -0.00143359022160103
3 0 2 3 0.00116291291795107
3 0 1 0 0.00133563549738231
3 0 0 1 -0.000555650281619036
2 5 5 0 -7.34699916901488e-05
2 5 4 1 0.000265249198379258
2 5 1 4 4.19468967865085e-05
2 5 0 5 -3.702368601252e-05
2 4 5 1 0.000106886872586172
2 4 4 0 0.000643309836622364
2 4 1 5 -0.000153301724127818
2 4 0 4 -0.00220842687713067
2 3 3 0 0.000997797142703689
2 3 2 1 0.000520613510017411
2 3 1 2 -0.000354872074559166
2 3 0 3 -0.00151084767173483
2 2 3 1 0.00151282002693701
2 2 2 0 -5.09655183116816e-05
2 2 1 3 0.00206598643950168
2 2 0 2 -0.000555863233665628
2 1 5 4 9.36648813960804e-05
2 1 4 5 0.000406033253582031
2 1 3 2 -0.000182775290961896
2 1 2 3 0.00232818214052853
2 1 1 0 -0.000120621930122158
2 1 0 1 0.000633128684406346
2 0 5 5 -0.000149062052738069
2 0 4 4 -0.00131790848369472
2 0 3 3 0.000969793429419556
2 0 2 2 -0.00158416988549324
2 0 1 1 0.00038688622391654
2 0 0 0 -0.00625706200436198
1 5 5 3 -0.000226980480882713
1 5 4 2 -7.49936813490912e-05
1 5 3 5 7.67028703156699e-05
1 5 2 4 -0.000136569837031185
1 4 5 2 0.000306919617548839
1 4 4 3 -0.000208152862646059
1 4 3 4 -0.00267325916976735
1 4 2 5 -0.000139538347353676
1 3 5 5 0.000327554089658337
1 3 4 4 -0.00200683063191985
1 3 3 3 -0.00327511815576539
1 3 2 2 8.16480413955804e-05
1 3 1 1 0.0015806270815088
1 3 0 0 1.53376759600151e-06
1 2 5 4 0.000161829068448335
1 2 4 5 -9.71720172429875e-05
1 2 3 2 -0.0022809329439235
1 2 2 3 5.81534879008945e-05
1 2 1 0 0.000556886148509268
1 2 0 1 -0.000491970549765388
1 1 3 1 -0.00140438119914198
1 1 2 0 0.000676856593958761
1 1 1 3 0.00218791404667841
1 1 0 2 -0.000212566502457556
1 0 3 0 -0.00109953809402022
1 0 2 1 -0.000199996810079382
1 0 1 2 -1.33013417081091e-05
1 0 0 3 0.00159938862880382
0 5 5 2 -0.000193850435562192
0 5 4 3 7.78452158869247e-05
0 5 3 4 -9.6047453039294e-05
0 5 2 5 3.65769964905625e-05
0 4 5 3 0.000311039049833993
0 4 4 2 -0.000782646390472646
0 4 3 5 0.000120609972930278
0 4 2 4 -0.0002638194194472
0 3 5 4 -0.000440948543068489
0 3 4 5 1.42546236373567e-05
0 3 3 2 0.000649719819368742
0 3 2 3 -0.00168015811893263
0 3 1 0 2.99225630139238e-05
0 3 0 1 0.000629535516480594
0 2 5 5 -7.2349735280305e-05
0 2 4 4 0.000898276070908789
0 2 3 3 -2.01201595842966e-05
0 2 2 2 -0.000148364615186785
0 2 1 1 -0.000164726755123349
0 2 0 0 -0.00234616496747258
0 1 3 0 -0.00114106353597863
0 1 2 1 -0.000121959381250106
0 1 1 2 -0.000144794924619252
0 1 0 3 -0.000222284481977499
0 0 3 1 -0.000409879203991849
0 0 2 0 -0.00124526874817223
0 0 1 3 -0.00152396502918224
0 0 0 2 0.00130643776950021
5 5 5 4 6.6048309723331e-05
5 5 4 5 -0.000288358236508705
5 5 3 2 -0.000357126058801283
5 5 2 3 -0.000153374399681381
5 5 1 0 0.000341479169311141
5 5 0 1 -3.7087492018326e-05
5 4 5 5 -0.000116940007566376
5 4 4 4 -0.000287309965944359
5 4 3 3 0.000702870120560006
5 4 2 2 0.000574944842219089
5 4 1 1 -7.66451726814386e-05
5 4 0 0 4.252773638382e-05
5 3 5 2 -9.36851136512149e-05
5 3 4 3 0.000296253322375386
5 3 3 4 6.85483856141441e-05
5 3 2 5 -0.000312034539955969
5 2 5 3 0.000124726290815765
5 2 4 2 0.000668075758622769
5 2 3 5 -0.000281611862518858
5 2 2 4 -0.000435410698282343
5 1 5 0 -0.00188660205112475
5 1 4 1 0.000124785177096113
5 1 1 4 0.000704580272051576
5 1 0 5 0.000413786929787891
5 0 5 1 -0.00167626165123196
5 0 4 0 0.000166987251323207
5 0 1 5 0.000409709231021317
5 0 0 4 -0.000550353885444877
4 5 5 5 5.03760393483837e-06
4 5 4 4 0.00215706544952365
4 5 3 3 2.57592910502995e-05
4 5 2 2 -0.000211790602143657
4 5 1 1 -0.000402721658982371
4 5 0 0 -3.49412715244424e-05
4 4 5 4 0.00246800000511336
4 4 4 5 -0.00116560257572529
4 4 3 2 0.00243268924318412
4 4 2 3 -0.000773665853981519
4 4 1 0 -0.000858537312891837
4 4 0 1 0.000329368741516424
4 3 5 3 0.00187541858261397
4 3 4 2 0.0033879956743504
4 3 3 5 -1.50129079124469e-06
4 3 2 4 -0.000853956586984339
4 2 5 2 -0.000946650061007041
4 2 4 3 -0.000655195274284089
4 2 3 4 0.000869555230238431
4 2 2 5 -0.000142767594643095
4 1 5 1 -0.000490038841241164
4 1 4 0 -0.0199108281978688
4 1 1 5 -0.000404165822566813
4 1 0 4 0.000577154814162176
4 0 5 0 -0.000219908717278466
4 0 4 1 -0.0191212872242484
4 0 1 4 0.000191531092096409
4 0 0 5 0.000354478189161838
3 5 5 2 0.000180929218276579
3 5 4 3 -0.000664630355154548
3 5 3 4 3.25987624147558e-05
3 5 2 5 0.00014193544829739
3 4 5 3 0.000898802879370841
3 4 4 2 -0.000807401701384615
3 4 3 5 -0.00238948408928429
3 4 2 4 0.000193990956004985
3 3 5 4 0.00200032674917674
3 3 4 5 0.000878377342317222
3 3 3 2 -0.000452208134593115
3 3 2 3 -0.00226750649050674
3 3 1 0 8.85371901609428e-05
3 3 0 1 -0.000362487132180967
3 2 5 5 8.55940763686265e-05
3 2 4 4 -0.000802427840057511
3 2 3 3 -0.00127433840630086
3 2 2 2 -0.00313605820426678
3 2 1 1 9.52307649119057e-05
3 2 0 0 0.00183953855260123
3 1 3 0 -0.0210237210345023
3 1 2 1 -0.00145310488699269
3 1 1 2 0.000563858043044232
3 1 0 3 -0.000529833664195056
3 0 3 1 -0.0197004069945957
3 0 2 0 -0.000367887255157801
3 0 1 3 0.000159201110750244
3 0 0 2 0.000193043924613281
2 5 5 3 -0.00086644850847346
2 5 4 2 -5.78022501809764e-05
2 5 3 5 0.0002903607658265
2 5 2 4 -0.000175780857717989
2 4 5 2 2.52370153047569e-05
2 4 4 3 -0.0005896728444648
2 4 3 4 -0.00222915683262248
2 4 2 5 -0.000630430814367064
2 3 5 5 0.000132843354955776
2 3 4 4 -0.000632799076696384
2 3 3 3 -0.00306487614938701
2 3 2 2 0.00261958173851289
2 3 1 1 0.000665861130223104
2 3 0 0 -0.0011880255407811
2 2 5 4 -5.36279408385779e-05
2 2 4 5 -0.000108805827820297
2 2 3 2 0.00183358148699284
2 2 2 3 -0.00147600730892674
2 2 1 0 -0.0337099198734943
2 2 0 1 -0.0345296688340257
2 1 3 1 -0.00114692845363434
2 1 2 0 -0.00928258410577765
2 1 1 3 -0.000778440086880258
2 1 0 2 -0.0339930212833132
2 0 3 0 -0.000505393840498515
2 0 2 1 -0.00921796535122698
2 0 1 2 -0.0338345571985427
2 0 0 3 -0.000233345366849682
1 5 5 0 0.000421106993044952
1 5 4 1 -0.000300195628711376
1 5 1 4 0.000268828547431891
1 5 0 5 -0.00173653412203014
1 4 5 1 0.000478771834259233
1 4 4 0 -0.00117109264726033
1 4 1 5 -0.00185145180976593
1 4 0 4 -0.0246413595390293
1 3 3 0 0.000528578632664099
1 3 2 1 -0.000507439178748131
1 3 1 2 -0.00123048069298566
1 3 0 3 -0.019720764075416
1 2 3 1 0.000855102946850177
1 2 2 0 -0.0361246412982036
1 2 1 3 0.000910310875940199
1 2 0 2 -0.00893521648241793
1 1 5 4 0.000215908285436965
1 1 4 5 -0.000287864321581646
1 1 3 2 -0.0010283503067527
1 1 2 3 0.00171591068294038
1 1 1 0 -0.00731291983365727
1 1 0 1 -0.00724851845925554
1 0 5 5 0.000390951853656938
1 0 4 4 0.000297000910163715
1 0 3 3 -0.00074440422382016
1 0 2 2 -0.0335268600527981
1 0 1 1 -0.00646168421645577
1 0 0 0 0.174072980940487
0 5 5 1 0.000364522985384113
0 5 4 0 0.000567869902723152
0 5 1 5 -0.00182659879862764
0 5 0 4 -0.000350270718413047
0 4 5 0 0.00102990177927449
0 4 4 1 -0.000250298332103148
0 4 1 4 -0.0211255303326463
0 4 0 5 0.000283545627143553
0 3 3 1 0.00116044533085895
0 3 2 0 0.00148435888969015
0 3 1 3 -0.01933470874413
0 3 0 2 0.000467561495223899
0 2 3 0 -0.00101872753713167
0 2 2 1 -0.035302290451326
0 2 1 2 -0.0105413064548926
0 2 0 3 -0.000451696802911446
0 1 5 5 0.000271134675959954
0 1 4 4 0.000103286792892257
0 1 3 3 -0.000268613604408013
0 1 2 2 -0.0328413021653143
0 1 1 1 -0.00656580310442539
0 1 0 0 0.174898583662952
0 0 5 4 -0.000510742112454174
0 0 4 5 0.000150867333114708
0 0 3 2 -0.000517367665668758
0 0 2 3 0.000287067951585788
0 0 1 0 0.182152253545741
0 0 0 1 0.180834156471922
5 5 5 5 0.136822168110802
5 5 4 4 -0.000139866113477961
5 5 3 3 0.000190091363440959
5 5 2 2 0.0138354683336304
5 5 1 1 0.0258178241304603
5 5 0 0 0.0156955612666832
5 4 5 4 0.137181423185438
5 4 4 5 -0.000499115957954328
5 4 3 2 0.000386840071259962
5 4 2 3 0.000105936661413088
5 4 1 0 -0.000613194470467546
5 4 0 1 0.000287524201645835
5 3 5 3 0.137280914315597
5 3 4 2 4.00321578853184e-05
5 3 3 5 -0.000638908786204237
5 3 2 4 -0.000134749624169914
5 2 5 2 0.118699452412509
5 2 4 3 -0.000754395157247942
5 2 3 4 0.000174041183381809
5 2 2 5 0.0140178638933709
5 1 5 1 0.131975514483992
5 1 4 0 -0.000110190464475045
5 1 1 5 0.0258962142965314
5 1 0 4 -7.9569309835257e-05
5 0 5 0 0.122873011972745
5 0 4 1 -0.000102804511620203
5 0 1 4 -0.000184432860396009
5 0 0 5 0.0152515303305165
4 5 5 4 -0.000245969875873748
4 5 4 5 0.136427583373626
4 5 3 2 0.00016693555648301
4 5 2 3 0.000374361695280176
4 5 1 0 -3.65649478540301e-05
4 5 0 1 4.83401502370141e-05
4 4 5 5 0.000353080977427476
4 4 4 4 0.424584383221801
4 4 3 3 -0.00262098098378121
4 4 2 2 0.000387712212129105
4 4 1 1 0.00330895679769779
4 4 0 0 -0.0013779266021693
4 3 5 2 7.78507758912164e-05
4 3 4 3 0.41441490354842
4 3 3 4 -0.00194224455136503
4 3 2 5 -0.000969768164589719
4 2 5 3 0.000313943335932791
4 2 4 2 0.291231936139757
4 2 3 5 0.000174962955898203
4 2 2 4 0.000836659115314545
4 1 5 0 -2.94301280428543e-05
4 1 4 1 0.326076353662811
4 1 1 4 0.00236533217929462
4 1 0 5 -0.000213232570598782
4 0 5 1 -0.0001154490774963
4 0 4 0 0.366839261468959
4 0 1 5 -7.02282601593841e-05
4 0 0 4 -0.00109385633287233
3 5 5 3 -0.000818856480122172
3 5 4 2 0.000718730093504684
3 5 3 5 0.136844382097293
3 5 2 4 0.00133968945908869
3 4 5 2 -0.000917662326807019
3 4 4 3 0.0022302143359505
3 4 3 4 0.426933977613504
3 4 2 5 0.000216893458341506
3 3 5 5 -0.000284521494179165
3 3 4 4 -0.00134583653767252
3 3 3 3 0.423032971200107
3 3 2 2 -0.000765174878960767
3 3 1 1 -0.000297660139130426
3 3 0 0 -0.00252175747492623
3 2 5 4 -0.000412906697262477
3 2 4 5 -0.000218693829129953
3 2 3 2 0.293311671018245
3 2 2 3 0.00165463078100893
3 2 1 0 0.000111504054149666
3 2 0 1 -0.000350461328742164
3 1 3 1 0.328875831540652
3 1 2 0 6.11203861007072e-05
3 1 1 3 -0.00396586017054291
3 1 0 2 6.90212673387838e-05
3 0 3 0 0.371395582412017
3 0 2 1 -0.00026027167432459
3 0 1 2 -0.000725932434875488
3 0 0 3 -0.000230658783681306
2 5 5 2 0.0142146312710093
2 5 4 3 -0.000236294488222868
2 5 3 4 0.00014366070398279
2 5 2 5 0.118937903513577
2 4 5 3 -7.11940120523253e-05
2 4 4 2 0.00100537155599472
2 4 3 5 -0.000325902325295568
2 4 2 4 0.291600662541676
2 3 5 4 -0.00033330290348185
2 3 4 5 -0.000587532020729241
2 3 3 2 -0.00100862452851313
2 3 2 3 0.290318598878422
2 3 1 0 -2.58429041799733e-05
2 3 0 1 5.73857369507534e-05
2 2 5 5 0.0138850324687644
2 2 4 4 0.000594861097814727
2 2 3 3 0.00176077539507679
2 2 2 2 0.333744945384045
2 2 1 1 0.0985838636649022
2 2 0 0 0.0512288864121238
2 1 3 0 -0.000529627899929415
2 1 2 1 0.269449321247316
2 1 1 2 0.0958991333678885
2 1 0 3 -0.00091343972239959
2 0 3 1 2.39067688083198e-05
2 0 2 0 0.324305800350098
2 0 1 3 0.000244001449551229
2 0 0 2 0.0523565408092733
1 5 5 1 0.025511360478451
1 5 4 0 -0.000313964812841943
1 5 1 5 0.132352497610331
1 5 0 4 -0.000157429142525546
1 4 5 0 0.000543570145068197
1 4 4 1 -0.00173234200628162
1 4 1 4 0.326686791831316
1 4 0 5 -0.000631282265042199
1 3 3 1 -0.00427793728189144
1 3 2 0 -0.000303235112247287
1 3 1 3 0.326162201672075
1 3 0 2 0.000573867033889829
1 2 3 0 0.000618467249992064
1 2 2 1 0.0991305865185928
1 2 1 2 0.270282465603404
1 2 0 3 0.000214228783817437
1 1 5 5 0.0263806407255631
1 1 4 4 -0.00127808241695768
1 1 3 3 -0.00147248117480455
1 1 2 2 0.0983305161324813
1 1 1 1 0.29702714422207
1 1 0 0 0.0556834456431125
1 0 5 4 -0.000188297019314187
1 0 4 5 -3.09929670748067e-06
1 0 3 2 0.000697312722001105
1 0 2 3 -6.55626643211602e-05
1 0 1 0 0.285562005495447
1 0 0 1 0.0572394821812063
0 5 5 0 0.0154928194791667
0 5 4 1 -0.000132730149334627
0 5 1 4 0.00028612842336101
0 5 0 5 0.122634008262188
0 4 5 1 -0.000457942131429387
0 4 4 0 -9.46770703822387e-05
0 4 1 5 0.000696364098209212
0 4 0 4 0.366266460844287
0 3 3 0 0.000204864118642145
0 3 2 1 -6.30913984526371e-05
0 3 1 2 -0.000186342793542896
0 3 0 3 0.366873633961926
0 2 3 1 0.000211488416283437
0 2 2 0 0.050435546569062
0 2 1 3 0.000468964465952333
0 2 0 2 0.322337571423635
0 1 5 4 -0.000639135158160512
0 1 4 5 4.95662995020468e-05
0 1 3 2 -0.000143637829104137
0 1 2 3 0.000240333240708641
0 1 1 0 0.0558934636520718
0 1 0 1 0.287585609327227
0 0 5 5 0.0162665528419808
0 0 4 4 0.0017638391030369
0 0 3 3 0.00049101371269837
0 0 2 2 0.0518954734875377
0 0 1 1 0.058385290199911
0 0 0 0 1.14561283153584
